//7.5
01000000111100000000000000000000

783
795
785
798
783
797
785
798
783
797
785
798
783
797
785
798
820
821
830
835
820
821
830
835
//---------------------------------------------------
830
790
790
830
830
790
830
790
830
790
830
790
830
790
830
790
790
830
790
830
790
830
790
830
830
790
830
790
830
790
830
790
830
790
830
790
830
790
830
790
830
790
830
790
830
790
830
790
830
790
830
790
830
790
830
790
830
790
830
790
830
790
830
790
//---------------------------------------------------
777
795
777
795
777
795
777
795
777
795
777
795
777
795
777
795
819
829
835
799
774
857
858
858
858
859
858
859
860
860
791
763
858
860
792
860
790
860
742
729
860
860
789
860
742
859
795
813
860
760
859
746
860
860
784
857
739
750
860
860
783
757
859
756
860
833
839
810
785
798
823
833
839
808
783
797
821
830
835
803
777
795
819
829
835
799
774
857
858
858
858
859
858
859
860
860
791
763
858
860
792
860
790
860
742
729
860
860
789
860
742
859
795
813
860
760
859
746
860
860
784
857
739
750
860
860
783
757
859
756
860


//36.8
010000 10000 10011 0011 0011 0011 0011

783
795
785
798
783
797
785
798
783
797
785
798
783
797
785
798
820
821
830
835
820
821
830
835
//---------------------------------------------------
830
790
790
830
830
790
830
790
830
790
830
790
790
830
830
790
830
790
830
790
830
790
790
830
830
790
830
790
790
830
790
830
830
790
830
790
790
830
790
830
830
790
830
790
790
830
790
830
830
790
830
790
790
830
790
830
830
790
830
790
790
830
790
830
//---------------------------------------------------
777
795
777
795
777
795
777
795
777
795
777
795
777
795
777
795
819
829
835
799
774
857
858
858
858
859
858
859
860
860
791
763
858
860
792
860
790
860
742
729
860
860
789
860
742
859
795
813
860
760
859
746
860
860
784
857
739
750
860
860
783
757
859
756
860
833
839
810
785
798
823
833
839
808
783
797
821
830
835
803
777
795
819
829
835
799
774
857
858
858
858
859
858
859
860
860
791
763
858
860
792
860
790
860
742
729
860
860
789
860
742
859
795
813
860
760
859
746
860
860
784
857
739
750
860
860
783
757
859
756
860
